62
0 223
32 200
59 176
73 152
79 117
99 85
139 65
185 62
223 72
245 101
257 144
246 189
222 219
184 245
108 295
77 321
56 353
43 396
37 453
44 496
63 532
95 560
137 564
181 562
215 542
227 510
223 475
206 454
188 433
184 404
196 368
221 346
260 336
288 336
313 356
331 396
351 456
357 492
367 517
405 536
452 543
504 538
531 514
540 481
532 449
507 422
479 389
443 362
409 334
386 309
375 272
364 172
367 127
387 95
423 74
463 74
493 97
512 140
521 196
535 240
552 281
598 318